PRDID	QTY
600219	3170.0
6079680	134.0
6083724	27.833
6083700	37.0
6083823	144.0
6065744	87.0
6071295	0.0
6060534	74.0
6021108	0
6060541	28.0
6079772	178.0
6079765	383.0
6049195	597.0
600381	106.0
6005894	10.666
6033538	130.0
600482	1466.0
6048785	758.583
6083458	361.0
6017118	556.0
600858	2957.166
600861	502.0
600865	2301.0
6006457	681.0
6066482	163.0
601079	0
601258	57.0
6067137	0.0
6043834	746.0
6067229	307.125
6067236	368.875
6052430	0
6043841	540.249
6067120	159.0
6070199	83.0
6054441	3.0
6054427	57.0
6054380	42.0
6054434	36.0
6054410	26.0
6054397	49.0
6003951	329.0
6004538	125.0
6083434	276.0
6083441	362.0
601583	222.0
6075774	220.0
601702	145.0
6073077	517.0
6064259	408.0
602066	343.0
602286	1718.0
602287	728.0
6083717	330.0
6048204	603.0
6002237	39.0
6048198	659.0
6055530	362.333
6079437	102.0
601020	1557.999
6079444	85.0
601050	929.0
6079420	208.0
6026110	359.0
6026127	149.0
602635	0
601023	6.582999999999998
600222	2015.5
6031220	0.0
6059972	91.0
600519	193.0
6081287	167.0
6081270	157.0
6081263	151.0
6081256	167.0
6081294	167.0
6000981	162.0
6002251	83.0
6002268	6.0
6082499	259.0
6084097	92.0
6083694	220.0
6084042	104.0
6002664	393.0
6002497	55.0
6002220	0
6083830	48.0
6003425	0.0
6002343	202.0
6004248	0.0
6015534	177.0
6005689	0
6001827	0.0
6001828	0.0
6016890	40.0
6083335	135.0
6084080	183.0
6075026	116.0
6075484	0.0
6084301	0.0
6084295	0.0
6045715	0.0
6037574	3.0
6084233	0.0
6084226	0.0
6084240	0.0
6075460	23.0
6084318	37.0
6084257	32.0
6084325	39.0
6084264	24.0
6084271	24.0
6084288	1.0
6084356	67.0
6084349	36.0
6084363	48.0
6084332	101.0
6082314	108.0
6006327	5.0
6008833	0.0
6002848	31.0
6008741	6.0
600516	3.291
6045784	36.0
6043056	3.0
6025816	204.0
6012373	1.0
6060602	80.0
6030063	1.0
6008758	4.0
601774	0.0
602112	4.0
6065881	10.0
6025038	129.0
6003234	4.0
6027803	1.0
6003739	20.0
6068271	2.0
6071271	12.0
6030018	16.0
6065843	192.0
6025823	48.0
6068257	41.0
6074043	14.0
601645	0.0
6037659	14.0
6072674	0.0
6036959	28.0
602109	6.0
6001261	0.0
6008765	3.0
6071127	45.0
6019396	3.0
6071110	15.0
6008840	1.0
6002701	0.0
6004750	72.0
6040390	0.0
6083267	18.5
6052522	10.0
6074036	6.0
6040352	10.0
6040376	18.0
6071264	3.0
6071240	8.0
6040406	5.0
6052515	5.0
6040369	3.0
6078157	2.0
6072483	1.0
6072575	12.0
6072537	6.0
6073893	0.0
6072551	7.0
6072490	6.0
6072506	12.0
6072568	54.0
6072599	33.0
6072544	6.0
6072513	24.0
6073886	0.0
6072520	60.0
6072476	6.0
6072582	29.0
6073589	21.0
602700	0.0
601198	0.0
601195	0.0
6069988	15.0
600394	0.0
6056858	0.0
6069971	14.0
6056902	0.0
6052393	151.0
6041946	185.0
602708	0.0
600921	0.0
600968	19.0
600974	88.0
600970	40.0
600975	1.0
600977	0.0
6048525	46.0
602694	0.0
6001018	58.0
602699	3.0
602757	0.0
6069537	0.0
6057855	156.0
602657	14.0
602660	0
602664	74.0
600072	92.0
602661	6.0
602659	52.0
6039530	0.0
601669	8.0
6072254	0
6000103	77.0
6080174	21.0
6058302	16.0
6029838	23.0
602304	3.0
6022099	0.0
6017125	0.0
6024291	0.0
6022082	0.0
600012	0.0
600067	0.0
601664	0.0
600647	0.0
601849	4.0
600804	7.0
601051	0.0
6084738	20.0
6012397	170.0
601850	8.0
601007	2.0
601620	36.0
6040345	20.0
6040338	19.0
6084530	6.0
6084554	5.0
6084547	4.0
6052508	29.0
6073541	0
602591	0
602724	234.0
602698	0.0
602658	271.0
6054199	3.0
6039660	223.0
6064792	4.0
602782	212.0
6084585	0.0
6051648	30.0
602611	0
601667	0.0
6084578	4.0
6084608	0.0
6084615	0.0
601566	39.0
6080167	0
6070175	224.0
6084837	359.0
600868	757.0
6002121	46.0
6083366	0.0
6083373	6.0
6039011	14.0
6060473	1.0
6080266	40.0
600334	14.0
6080273	28.0
600253	24.0
602637	2004.0
6048136	83.0
6003418	13.0
6075156	37.0
602077	182.0
602346	28.0
602079	36.0
6070786	0
6061395	0.0
6052843	95.0
6022150	118.0
601276	104.0
6011932	24.0
601202	179.0
6080884	12.0
6080846	0.0
6085148	3.0
6080891	0.0
6080839	0.0
6003319	0.0
6080457	6.0
6080464	9.0
6080471	22.0
6085025	3.0
6075538	7.0
6022631	16.0
6055813	88.0
6007720	0.0
6011598	187.0
602616	144.0
6060626	3.0
6074746	3.0
6023065	3.0
6085032	0.0
6085049	3.0
6084851	37.0
6053765	0
6069858	12.0
600337	12.0
600336	6.0
600335	7.0
600338	3.0
600168	8.0
6058807	0.0
601292	48.0
601294	174.0
600254	11.0
601275	0
601387	40.0
602786	98.0
602763	162.0
602765	0
6013363	13.0
602618	63.0
602620	89.0
6085056	59.0
602192	96.0
602038	43.0
602051	0
6021146	414.0
602041	197.0
602040	104.0
602045	105.0
602047	59.0
602058	96.0
602055	29.0
602044	140.0
602049	271.0
602048	0.0
602061	0.0
602043	17.0
602053	37.0
602042	55.0
602059	0
602052	23.0
6029692	54.0
6051945	0
6051938	0
6075545	0.0
6002176	0
600653	0
6083021	11.0
6083014	2.0
6080907	0.0
6085087	10.0
6080822	0.0
6033989	24.0
6083199	17.5
6070779	7.0
6083175	13.0
6085223	44.0
6009243	25.0
6085216	20.0
6079949	17.0
6085247	70.0
6085230	25.0
6075033	0.0
6075057	16.0
602278	49.0
6083182	14.917
6045197	48.0
6085063	30.0
6060633	10.0
6076627	3.0
601138	384.0
6048877	19.0
6043636	15.0
6032159	24.0
6055837	50.0
6064921	10.0
6064945	4.0
601111	19.0
601109	12.0
601110	17.0
6024420	0.0
6064808	30.0
602090	0.0
6073534	26.0
600084	10.0
6056780	467.0
6010621	600.0
601207	40.0
6064907	0.0
6064891	0.0
6083052	19.0
6084684	126.0
600615	480.0
6065133	286.0
6064778	732.0
6081997	824.0
6043643	156.0
6049072	5.0
601228	601.0
601225	145.166
6077433	38.0
6077419	18.0
6077426	33.0
6077556	216.0
6077563	67.0
6079093	36.0
6079192	426.0
6080044	309.0
6002596	66.0
600017	48.0
6025137	413.0
6068455	4.0
6077488	221.0
6077440	299.0
6046965	19.0
6043704	30.0
6061166	37.0
6008413	72.0
6062736	1314.0
6060831	588.0
6047986	68.0
6027896	24.0
6024321	86.0
6010645	103.0
6010638	104.0
6016609	294.0
6075187	5664.0
6003630	1080.0
602088	90.0
6024437	0
6061548	3633.0
6010461	2772.0
6077525	176.0
6077532	272.0
6084486	345.0
6084592	60.0
6003593	2412.0
6006761	336.0
6007713	48.0
602469	357.0
6024413	1992.0
6063740	19.0
6063344	17.0
6075019	222.0
6080815	132.0
6079468	72.0
6049980	51.0
6080532	194.0
6080549	196.0
6062309	57.0
6073718	100.0
6083281	83.0
6068974	59.0
601223	1800.0
6038496	624.0
6054755	606.0
601178	630.0
6084653	0
601266	2441.0
601283	1236.0
601176	9.0
602086	308.0
602104	1.0
602128	229.0
6075095	250.0
6076504	63.0
6072735	62.0
6039547	60.0
6060961	2.0
6024758	60.0
6024246	60.0
6012808	64.0
6024222	60.0
6024239	60.0
6072759	60.0
6072742	30.0
6026448	53.0
6006969	23.0
6079086	27.0
6081690	0
6048532	316.0
6044268	116.0
6080068	216.0
6080051	408.0
6029821	120.0
6079277	48.0
6060572	106.0
6016593	60.0
6085254	72.0
6085346	18.0
6085285	19.0
6085261	7.0
6012991	600.0
6012960	532.0
6013134	480.0
6068462	33.0
6029686	360.0
6060312	6.0
6085339	56.0
6085292	32.0
6085322	30.0
6085315	26.0
6085308	30.0
6081416	5.0
6081423	2.0
6085452	16.0
6085438	65.0
6085391	198.0
6085377	16.0
6085384	12.0
6085490	16.0
6085506	15.0
6085513	36.0
600286	17.0
6085643	16.0
6085667	11.0
6085650	16.0
6085704	24.0
6085681	10.0
6085629	3.0
6085636	0.0
6085674	21.0
6082857	18.0
600967	20.0
6085735	71.0
6085698	36.0
6057183	37.0
6086251	43.0
6079482	45.0
6086237	30.0
6086244	43.0
6079666	40.0
6054403	57.0
6086015	2.0
6086008	6.0
6085995	26.0
6086299	43.0
6086282	14.0
6053321	3982.0
6049164	543.0
6079659	102.0
6087173	69.0
6076825	437.0
6076801	28.0
6076832	59.0
6076818	115.0
600060	297.0
6087333	96.0
6087326	97.0
6082420	79.0
6087456	13.0
6058371	906.0
6058425	594.0
6064723	0.0
6064730	0.0
6058388	0.0
6058449	12.0
6058432	12.0
6058395	12.0
6058401	12.0
6058418	0
601696	22.0
601885	21.0
6058463	48.0
601556	163.0
6087296	5.0
6087302	7.0
6087289	4.0
6087371	30.0
6087449	29.0
6087395	30.0
6087388	30.0
6087364	30.0
6087401	30.0
6087425	30.0
6087432	30.0
6087418	30.0
6087272	9.0
6065737	72.0
6065706	96.0
6065720	180.0
6065645	125.0
6087357	15.0
6001889	239.0
6059866	324.0
6087258	180.0
6087319	58.0
6060305	0.0
600314	154.0
600348	0
6031992	600.0
601216	600.0
6060893	600.0
6068714	600.0
6072124	600.0
6048907	10.0
6069018	5.0
6015367	360.0
602874	60.0
6000158	216.0
600065	16.0
6046637	10.0
6079109	102.0
6038540	20.0
6081621	336.0
6027971	156.0
6055448	36.0
601206	36.0
6055462	36.0
6077082	50.0
6013059	4.0
6079291	30.0
6079260	30.0
6064747	120.0
6051969	100.0
6051952	150.0
6022167	120.0
6079079	240.0
6079239	360.0
6010652	140.0
600295	80.0
602750	150.0
6073367	336.0
