PRDID	QTY
600219	1588.0
6079680	123.0
6083724	35.0
6083700	78.0
6083823	94.0
6065744	168.0
6071295	22.0
6060534	99.0
6021108	21.999
6060541	85.0
6079772	203.0
6079765	403.0
6049195	607.0
600381	161.0
6005894	249.0
6033538	158.0
600482	1079.0
6048785	1188.0
6083458	374.0
6017118	165.0
600858	1419.166
600861	444.0
600865	1624.0
6006457	655.0
6066482	881.0
601079	364.0
601258	157.0
6067137	478.0
6043834	559.0
6067229	607.125
6067236	854.625
6052430	719.0
6043841	1303.0
6067120	517.0
6070199	105.0
6054441	66.0
6054427	48.0
6054380	29.0
6054434	99.0
6054410	71.0
6054397	0
6003951	353.0
6004538	164.0
6083434	495.0
6083441	505.0
601583	314.0
6075774	406.0
601702	198.0
6073077	572.0
6064259	413.0
602066	386.0
602286	2139.0
602287	1012.0
6083717	359.0
6048204	630.0
6002237	110.0
6048198	915.0
6055530	562.0
6079437	348.0
601020	3141.0
6079444	501.0
601050	1531.0
6079420	208.0
6026110	398.0
6026127	181.0
602635	2635.0
601023	404.0
600222	790.0
6031220	97.0
6059972	180.0
600519	297.0
6081287	189.0
6081270	188.0
6081263	183.0
6081256	188.0
6081294	190.0
6000981	476.0
6002251	289.0
6002268	194.0
6082499	323.0
6084097	162.0
6083694	236.0
6084042	271.0
6002664	1099.0
6002497	314.0
6002220	396.0
6083830	317.0
6003425	413.0
6002343	322.0
6004248	2637.0
6015534	277.0
6005689	1441.0
6001827	257.0
6001828	215.0
6016890	174.0
6083335	284.0
6084080	239.0
6075026	334.0
6075484	22.0
6084301	17.0
6084295	7.0
6045715	41.0
6037574	114.0
6084233	7.0
6084226	6.0
6084240	5.0
6075460	57.0
6084318	52.0
6084257	36.0
6084325	52.0
6084264	56.0
6084271	36.0
6084288	50.0
6084356	120.0
6084349	60.0
6084363	60.0
6084332	120.0
6082314	512.0
6006327	103.0
6008833	28.0
6002848	116.0
6008741	9.0
600516	22.0
6045784	192.0
6043056	8.0
6025816	660.0
6012373	6.0
6060602	200.0
6030063	8.0
6008758	9.0
601774	13.0
602112	17.0
6065881	10.0
6025038	288.0
6003234	49.0
6027803	18.0
6003739	20.0
6068271	17.0
6071271	288.0
6030018	19.0
6065843	228.0
6025823	276.0
6068257	216.0
6074043	19.0
601645	22.0
6037659	47.0
6072674	84.0
6036959	309.0
602109	31.0
6001261	3.0
6008765	3.0
6071127	250.0
6019396	3.0
6071110	236.0
6008840	6.0
6002701	27.0
6004750	120.0
6040390	0.0
6083267	19.5
6052522	10.0
6074036	9.0
6040352	9.0
6040376	19.0
6071264	4.0
6071240	9.0
6040406	7.0
6052515	6.0
6040369	4.0
6078157	4.0
6072483	24.0
6072575	48.0
6072537	18.0
6073893	0.0
6072551	24.0
6072490	24.0
6072506	54.0
6072568	102.0
6072599	102.0
6072544	60.0
6072513	36.0
6073886	0.0
6072520	102.0
6072476	42.0
6072582	72.0
6073589	404.0
602700	99.0
601198	145.0
601195	138.0
6069988	146.0
600394	159.0
6056858	180.0
6069971	378.0
6056902	552.0
6052393	278.0
6041946	279.0
602708	755.0
600921	176.0
600968	378.0
600974	400.0
600970	201.0
600975	397.0
600977	762.0
6048525	113.0
602694	110.0
6001018	119.0
602699	106.0
602757	62.0
6069537	352.0
6057855	288.0
602657	336.0
602660	324.0
602664	167.0
600072	170.0
602661	47.0
602659	48.0
6039530	21.0
601669	87.0
6072254	57.0
6000103	285.0
6080174	59.0
6058302	55.0
6029838	30.0
602304	31.0
6022099	44.0
6017125	75.0
6024291	52.0
6022082	42.0
600012	41.0
600067	50.0
601664	52.0
600647	81.0
601849	16.0
600804	48.0
601051	48.0
6084738	20.0
6012397	885.0
601850	34.0
601007	49.0
601620	108.0
6040345	27.0
6040338	28.0
6084530	6.0
6084554	10.0
6084547	8.0
6052508	29.0
6073541	39.0
602591	403.0
602724	428.0
602698	141.0
602658	297.0
6054199	35.0
6039660	345.0
6064792	13.0
602782	427.0
6084585	50.0
6051648	60.0
602611	2262.0
601667	349.0
6084578	58.0
6084608	38.0
6084615	24.0
601566	90.0
6080167	114.0
6070175	304.0
