PRDID	QTY
600219	1846.0
6079680	156.0
6083724	54.0
6083700	54.0
6083823	108.0
6065744	253.0
6071295	51.0
6060534	108.0
6021108	52.0
6060541	106.0
6079772	206.0
6079765	413.0
6049195	608.0
600381	205.0
6005894	301.0
6033538	191.0
600482	1585.0
6048785	1302.0
6083458	377.0
6017118	167.0
600858	3016.0
600861	718.0
600865	1962.0
6006457	703.0
6066482	1170.0
601079	595.0
601258	175.0
6067137	595.0
6043834	885.0
6067229	690.0
6067236	982.0
6052430	932.0
6043841	1823.0
6067120	660.0
6070199	119.0
6054441	108.0
6054427	109.0
6054380	45.0
6054434	119.0
6054410	163.0
6054397	28.0
6003951	381.0
6004538	169.0
6083434	534.0
6083441	540.0
601583	372.0
6075774	409.0
601702	223.0
6073077	618.0
6064259	415.0
602066	409.0
602286	2273.0
602287	1092.0
6083717	380.0
6048204	659.0
6002237	219.0
6048198	1011.0
6055530	606.0
6079437	350.0
601020	3637.0
6079444	701.0
601050	1803.0
6079420	208.0
6026110	208.0
6026127	208.0
602635	4370.0
