PRDID	QTY
600219	3935.0
6079680	97.0
6083724	35.833
6083700	74.0
6083823	94.0
6065744	140.583
6071295	3.0
6060534	94.0
6021108	7.999
6060541	75.0
6079772	203.0
6079765	399.0
6049195	604.0
600381	153.0
6005894	222.666
6033538	146.0
600482	795.0
6048785	1110.583
6083458	371.0
6017118	578.0
600858	5416.166
600861	1506.0
600865	2949.0
6006457	640.0
6066482	738.0
601079	0
601258	153.0
6067137	372.0
6043834	349.0
6067229	555.125
6067236	776.625
6052430	588.0
6043841	993.0
6067120	388.0
6070199	99.0
6054441	35.0
6054427	17.0
6054380	9.0
6054434	75.0
6054410	28.0
6054397	0
6003951	348.0
6004538	152.0
6083434	326.0
6083441	484.0
601583	309.0
6075774	318.0
601702	195.0
6073077	568.0
6064259	413.0
602066	383.0
602286	2051.0
602287	957.0
6083717	351.0
6048204	624.0
6002237	76.0
6048198	881.0
6055530	509.0
6079437	348.0
601020	2848.999
6079444	364.0
601050	1437.0
6079420	208.0
6026110	393.0
6026127	173.0
602635	1634.0
601023	286.0
600222	3050.0
6031220	59.0
6059972	178.0
600519	242.0
6081287	187.0
6081270	185.0
6081263	182.0
6081256	188.0
6081294	190.0
6000981	346.0
6002251	224.0
6002268	71.0
6082499	321.0
6084097	156.0
6083694	236.0
6084042	271.0
6002664	926.0
6002497	289.0
6002220	382.0
6083830	286.0
6003425	346.0
6002343	314.0
6004248	1942.0
6015534	277.0
6005689	1197.0
6001827	201.0
6001828	144.0
6016890	168.0
6083335	284.0
6084080	239.0
6075026	285.0
6075484	1.0
6084301	0.0
6084295	0.0
6045715	0.0
6037574	3.0
6084233	0.0
6084226	0.0
6084240	0.0
6075460	39.0
6084318	37.0
6084257	32.0
6084325	40.0
6084264	32.0
6084271	26.0
6084288	25.0
6084356	75.0
6084349	43.0
6084363	49.0
6084332	112.0
6082314	117.0
6006327	31.0
6008833	17.0
6002848	84.0
6008741	7.0
600516	21.291
6045784	132.0
6043056	3.0
6025816	576.0
6012373	2.0
6060602	180.0
6030063	7.0
6008758	7.0
601774	11.0
602112	12.0
6065881	10.0
6025038	216.0
6003234	36.0
6027803	14.0
6003739	20.0
6068271	13.0
6071271	240.0
6030018	19.0
6065843	228.0
6025823	216.0
6068257	216.0
6074043	18.0
601645	11.0
6037659	38.0
6072674	72.0
6036959	198.0
602109	26.0
6001261	0.0
6008765	3.0
6071127	83.0
6019396	3.0
6071110	78.0
6008840	4.0
6002701	21.0
6004750	108.0
6040390	0.0
6083267	18.5
6052522	10.0
6074036	6.0
6040352	9.0
6040376	17.0
6071264	3.0
6071240	8.0
6040406	5.0
6052515	5.0
6040369	2.0
6078157	2.0
6072483	0.0
6072575	24.0
6072537	6.0
6073893	0.0
6072551	6.0
6072490	6.0
6072506	30.0
6072568	78.0
6072599	74.0
6072544	33.0
6072513	24.0
6073886	0.0
6072520	90.0
6072476	30.0
6072582	53.0
6073589	311.0
602700	58.0
601198	116.0
601195	107.0
6069988	129.0
600394	80.0
6056858	60.0
6069971	270.0
6056902	407.0
6052393	263.0
6041946	267.0
602708	565.0
600921	105.0
600968	309.0
600974	326.0
600970	170.0
600975	320.0
600977	616.0
6048525	98.0
602694	82.0
6001018	108.0
602699	86.0
602757	14.0
6069537	278.0
6057855	252.0
602657	252.0
602660	231.0
602664	153.0
600072	162.0
602661	43.0
602659	46.0
6039530	8.0
601669	81.0
6072254	46.0
6000103	250.0
6080174	48.0
6058302	50.0
6029838	29.0
602304	11.0
6022099	29.0
6017125	29.0
6024291	38.0
6022082	26.0
600012	33.0
600067	42.0
601664	47.0
600647	25.0
601849	13.0
600804	40.0
601051	39.0
6084738	20.0
6012397	778.0
601850	28.0
601007	38.0
601620	73.0
6040345	20.0
6040338	19.0
6084530	6.0
6084554	5.0
6084547	4.0
6052508	29.0
6073541	28.0
602591	285.5
602724	394.0
602698	83.0
602658	279.0
6054199	13.0
6039660	325.0
6064792	4.0
602782	377.0
6084585	16.0
6051648	33.0
602611	1794.0
601667	263.0
6084578	40.0
6084608	6.0
6084615	0.0
601566	59.0
6080167	84.0
6070175	280.0
6084837	405.0
600868	1396.0
6002121	59.0
6083366	18.0
6083373	18.0
6039011	20.0
6060473	10.0
6080266	40.0
600334	40.0
6080273	40.0
600253	40.0
602637	3612.0
6048136	420.0
6003418	36.0
6075156	60.0
602077	240.0
602346	60.0
602079	60.0
6070786	36.0
6061395	33.0
6052843	119.0
6022150	132.0
601276	120.0
6011932	24.0
601202	240.0
6080884	26.0
6080846	21.0
6085148	30.0
6080891	26.0
6080839	15.0
6003319	15.0
6080457	12.0
6080464	40.0
6080471	24.0
6085025	56.0
6075538	118.0
6022631	30.0
6055813	120.0
6007720	451.0
6011598	240.0
602616	197.0
6060626	34.0
6074746	17.0
6023065	10.0
6085032	10.0
6085049	14.0
6084851	76.0
6053765	55.0
6069858	60.0
600337	41.0
600336	42.0
600335	45.0
600338	42.0
600168	36.0
6058807	31.0
601292	229.0
601294	240.0
600254	39.0
601275	230.0
601387	158.0
602786	187.0
602763	346.0
602765	73.0
6013363	20.0
602618	200.0
602620	197.0
6085056	230.0
602192	1140.0
602038	120.0
602051	60.0
6021146	480.0
602041	470.0
602040	238.0
602045	534.0
602047	350.0
602058	584.0
602055	239.0
602044	580.0
602049	513.0
602048	586.0
602061	220.0
602043	359.0
602053	180.0
602042	120.0
602059	236.0
602052	60.0
6029692	100.0
6051945	80.0
6051938	80.0
6075545	24.0
6002176	24.0
600653	600.0
6083021	20.0
6083014	20.0
6080907	30.0
6085087	30.0
6080822	30.0
6033989	36.0
6083199	360.0
6070779	36.0
6083175	36.0
6085223	60.0
6009243	40.0
6085216	40.0
6079949	24.0
6085247	75.0
6085230	360.0
6075033	60.0
6075057	60.0
602278	120.0
6083182	360.0
6045197	54.0
6085063	72.0
6060633	40.0
6076627	36.0
601138	480.0
