Code	Count
600219	3815.0
6079680	89.0
6083724	34.833
6083700	70.0
6083823	94.0
6065744	125.583
6071295	1.0
6060534	93.0
6021108	0.0
6060541	66.0
6079772	203.0
6079765	393.0
6049195	602.0
600381	150.0
6005894	187.666
6033538	145.0
600482	581.0
6048785	1010.583
6083458	364.0
6017118	575.0
600858	4938.166
600861	1414.0
600865	2881.0
6006457	640.0
6066482	666.0
601079	0
601258	149.0
6067137	329.0
6043834	340.0
6067229	538.125
6067236	738.625
6052430	521.0
6043841	842.0
6067120	321.0
6070199	99.0
6054441	27.0
6054427	13.0
6054380	6.0
6054434	69.0
6054410	4.0
6054397	0.0
6003951	345.0
6004538	145.0
6083434	306.0
6083441	484.0
601583	292.0
6075774	310.0
601702	195.0
6073077	568.0
6064259	411.0
602066	380.0
602286	1994.0
602287	912.0
6083717	348.0
6048204	621.0
6002237	68.0
6048198	855.0
6055530	483.0
6079437	348.0
601020	2599.999
6079444	346.0
601050	1352.0
6079420	208.0
6026110	388.0
6026127	170.0
602635	1061.0
601023	200.583
600222	2930.0
6031220	27.0
6059972	178.0
600519	171.0
6081287	187.0
6081270	184.0
6081263	181.0
6081256	188.0
6081294	188.0
6000981	258.0
6002251	200.0
6002268	17.0
6082499	293.0
6084097	155.0
6083694	225.0
6084042	271.0
6002664	825.0
6002497	280.0
6002220	337.0
6083830	262.0
6003425	322.0
6002343	314.0
6004248	1363.0
6015534	264.0
6005689	950.0
6001827	141.0
6001828	58.0
6016890	141.0
6083335	278.0
6084080	183.0
6075026	259.0
6075484	0
6084301	0.0
6084295	0.0
6045715	0.0
6037574	3.0
6084233	0.0
6084226	0.0
6084240	0.0
6075460	26.0
6084318	34.0
6084257	32.0
6084325	39.0
6084264	24.0
6084271	24.0
6084288	1.0
6084356	69.0
6084349	37.0
6084363	49.0
6084332	103.0
6082314	99.0
6006327	5.0
6008833	8.0
6002848	63.0
6008741	6.0
600516	18.291
6045784	96.0
6043056	3.0
6025816	516.0
6012373	1.0
6060602	180.0
6030063	6.0
6008758	4.0
601774	7.0
602112	11.0
6065881	10.0
6025038	204.0
6003234	31.0
6027803	11.0
6003739	20.0
6068271	11.0
6071271	204.0
6030018	19.0
6065843	216.0
6025823	168.0
6068257	180.0
6074043	16.0
601645	3.0
6037659	36.0
6072674	72.0
6036959	158.0
602109	24.0
6001261	0.0
6008765	3.0
6071127	54.0
6019396	3.0
6071110	16.0
6008840	4.0
6002701	16.0
6004750	84.0
6040390	0.0
6083267	18.5
6052522	10.0
6074036	6.0
6040352	10.0
6040376	18.0
6071264	3.0
6071240	8.0
6040406	5.0
6052515	5.0
6040369	3.0
6078157	2.0
6072483	0.0
6072575	24.0
6072537	6.0
6073893	0.0
6072551	6.0
6072490	6.0
6072506	30.0
6072568	78.0
6072599	74.0
6072544	33.0
6072513	24.0
6073886	0.0
6072520	84.0
6072476	30.0
6072582	53.0
6073589	294.0
602700	49.0
601198	94.0
601195	102.0
6069988	122.0
600394	25.0
6056858	21.0
6069971	241.0
6056902	315.0
6052393	255.0
6041946	259.0
602708	406.0
600921	69.0
600968	262.0
600974	291.0
600970	155.0
600975	251.0
600977	484.0
6048525	95.0
602694	70.0
6001018	106.0
602699	79.0
602757	14.0
6069537	233.0
6057855	252.0
602657	234.0
602660	183.0
602664	146.0
600072	144.0
602661	36.0
602659	40.0
6039530	6.0
601669	73.0
6072254	42.0
6000103	236.0
6080174	47.0
6058302	48.0
6029838	29.0
602304	3.0
6022099	12.0
6017125	1.0
6024291	20.0
6022082	13.0
600012	28.0
600067	35.0
601664	42.0
600647	2.0
601849	6.0
600804	31.0
601051	32.0
6084738	20.0
6012397	703.0
601850	21.0
601007	34.0
601620	59.0
6040345	20.0
6040338	19.0
6084530	6.0
6084554	5.0
6084547	4.0
6052508	29.0
6073541	28.0
602591	169.5
602724	379.0
602698	74.0
602658	268.0
6054199	3.0
6039660	321.0
6064792	4.0
602782	356.0
6084585	2.0
6051648	30.0
602611	1445.0
601667	199.0
6084578	35.0
6084608	0
6084615	0.0
601566	57.0
6080167	77.0
6070175	248.0
6084837	383.0
600868	1287.0
6002121	59.0
6083366	14.0
6083373	15.0
6039011	20.0
6060473	8.0
6080266	40.0
600334	37.0
6080273	40.0
600253	39.0
602637	3395.0
6048136	389.0
6003418	36.0
6075156	60.0
602077	239.0
602346	58.0
602079	59.0
6070786	33.0
6061395	25.0
6052843	119.0
6022150	132.0
601276	120.0
6011932	24.0
601202	240.0
6080884	18.0
6080846	13.0
6085148	29.0
6080891	21.0
6080839	0
6003319	13.0
6080457	12.0
6080464	66.0
6080471	23.0
6085025	41.0
6075538	115.0
6022631	27.0
6055813	116.0
6007720	438.0
6011598	237.0
602616	194.0
6060626	20.0
6074746	9.0
6023065	9.0
6085032	3.0
6085049	3.0
6084851	67.0
6053765	42.0
6069858	60.0
600337	28.0
600336	31.0
600335	34.0
600338	34.0
600168	36.0
6058807	31.0
601292	198.0
601294	240.0
600254	34.0
601275	186.0
601387	144.0
602786	172.0
602763	308.0
602765	40.0
6013363	20.0
602618	193.0
602620	189.0
6085056	181.0
602192	1008.0
602038	120.0
602051	56.0
6021146	474.0
602041	415.0
602040	231.0
602045	436.0
602047	275.0
602058	437.0
602055	184.0
602044	505.0
602049	490.0
602048	474.0
602061	87.0
602043	324.0
602053	167.0
602042	120.0
602059	169.0
602052	57.0
6029692	99.0
6051945	78.0
6051938	78.0
6075545	24.0
6002176	24.0
600653	519.0
6083021	16.0
6083014	15.0
6080907	26.0
6085087	28.0
6080822	12.0
6033989	34.0
6083199	357.0
6070779	34.0
6083175	35.0
6085223	58.0
6009243	39.0
6085216	40.0
6079949	20.0
6085247	75.0
6085230	360.0
6075033	45.0
6075057	40.0
602278	110.0
6083182	360.0
6045197	53.0
6085063	50.0
6060633	38.0
6076627	12.0
601138	468.0
6048877	36.0
6043636	35.0
6032159	20.0
6055837	50.0
6064921	30.0
6064945	30.0
601111	24.0
601109	22.0
601110	23.0
6024420	49.0
6064808	22.0
602090	34.0
6073534	39.0
600084	326.0
6056780	208.0
6010621	212.0
601207	47.0
6064907	27.0
6064891	30.0
6083052	29.0
6084684	564.0
600615	588.0
6065133	324.0
6064778	600.0
6081997	588.0
6043643	336.0
6049072	10.0
601228	324.0
601225	114.0
6077433	59.0
6077419	56.0
6077426	58.0
6077556	156.0
6077563	108.0
6079093	252.0
6079192	30.0
6080044	138.0
6002596	47.0
600017	48.0
6025137	576.0
6068455	27.0
6077488	237.0
6077440	588.0
6046965	10.0
6043704	57.0
6061166	59.0
6008413	22.0
6062736	576.0
6060831	348.0
6047986	228.0
6027896	30.0
6024321	47.0
6010645	47.0
6010638	42.0
6016609	190.0
6075187	5760.0
6003630	600.0
602088	60.0
6024437	304.0
6061548	3816.0
6010461	1140.0
6077525	288.0
6077532	352.0
6084486	451.0
6084592	104.0
6003593	936.0
6006761	367.0
6007713	0
602469	341.0
6024413	2088.0
6063740	24.0
6063344	23.0
6075019	114.0
6080815	72.0
6079468	27.0
6049980	24.0
6080532	115.0
6080549	120.0
6062309	25.0
6073718	27.0
6083281	75.0
6068974	26.0
601223	984.0
6038496	360.0
6054755	360.0
601178	588.0
6084653	83.0
601266	2604.0
601283	924.0
601176	35.0
602086	284.0
602104	34.0
602128	312.0
6075095	111.0
6076504	29.0
6072735	40.0
6039547	10.0
6060961	23.0
6024758	36.0
6024246	40.0
6012808	34.0
6024222	31.0
6024239	44.0
6072759	38.0
6072742	15.0
6026448	24.0
6006969	24.0
6079086	30.0
6081690	33.0
6048532	903.0
6044268	216.0
6080068	180.0
6080051	180.0
6029821	84.0
6079277	246.0
6060572	45.0
6016593	22.0
6085254	41.0
6085346	21.0
6085285	35.0
6085261	7.0
6012991	60.0
6012960	524.0
6013134	465.0
6068462	36.0
6029686	327.0
6060312	98.0
6085339	75.0
6085292	38.0
6085322	32.0
6085315	30.0
6085308	32.0
6081416	5.0
6081423	2.0
6085452	53.0
6085438	97.0
6085391	120.0
6085377	50.0
6085384	28.0
6085490	24.0
6085506	24.0
6085513	50.0
600286	159.0
